AQUI COMEÇA O PROGRAMA

MAXIMUM VELOCITY:                10.00
MAX EPOCHS:                      2000.00
POPULATION SIZE:                 99.00
ACC. CONSTANT 1 (LOCAL):          2.00
ACC. CONSTANT 2 (LOCAL):          2.00
INITIAL INERTIA CONSTANT:         0.90
FINAL INERTIA CONSTANT:           0.40
ITERATION FINAL IN. CONST.:      50.00
MINIMAL CONVERGENCE SPEED:        0.00
MINIMAL EPOCHS WITHOUT CHANGE:   10.00
ERROR GOAL:                        NaN
MANUAL INITIAL:                   0.00


GBESTVAL
 -5.534933

GBEST
   0.01881
   0.00005
  -0.17104
   0.28499
   0.08029
  -0.01840
  -0.22647
   0.77525
   0.02975
  -0.00188
   0.02692
   0.00049
  -0.16788
   0.27035
   0.12580
   0.02013
  -0.02971
   0.79483
   0.01796
  -0.00119
   0.02544
   0.00078
  -0.16060
   0.31452
   0.13504
  -0.02934
  -0.13718
   0.77586
   0.01040
  -0.00190
  -0.50271
   1.15375
  -1.19584
GBESTVAL
 -5.534933

GBEST
   0.01881
   0.00005
  -0.17104
   0.28499
   0.08029
  -0.01840
  -0.22647
   0.77525
   0.02975
  -0.00188
   0.02692
   0.00049
  -0.16788
   0.27035
   0.12580
   0.02013
  -0.02971
   0.79483
   0.01796
  -0.00119
   0.02544
   0.00078
  -0.16060
   0.31452
   0.13504
  -0.02934
  -0.13718
   0.77586
   0.01040
  -0.00190
  -0.50271
   1.15375
  -1.19584
GBESTVAL
 -5.534933

GBEST
   0.01881
   0.00005
  -0.17104
   0.28499
   0.08029
  -0.01840
  -0.22647
   0.77525
   0.02975
  -0.00188
   0.02692
   0.00049
  -0.16788
   0.27035
   0.12580
   0.02013
  -0.02971
   0.79483
   0.01796
  -0.00119
   0.02544
   0.00078
  -0.16060
   0.31452
   0.13504
  -0.02934
  -0.13718
   0.77586
   0.01040
  -0.00190
  -0.50271
   1.15375
  -1.19584
GBESTVAL
 -5.534933

GBEST
   0.01881
   0.00005
  -0.17104
   0.28499
   0.08029
  -0.01840
  -0.22647
   0.77525
   0.02975
  -0.00188
   0.02692
   0.00049
  -0.16788
   0.27035
   0.12580
   0.02013
  -0.02971
   0.79483
   0.01796
  -0.00119
   0.02544
   0.00078
  -0.16060
   0.31452
   0.13504
  -0.02934
  -0.13718
   0.77586
   0.01040
  -0.00190
  -0.50271
   1.15375
  -1.19584
GBESTVAL
 -5.534933

GBEST
   0.01881
   0.00005
  -0.17104
   0.28499
   0.08029
  -0.01840
  -0.22647
   0.77525
   0.02975
  -0.00188
   0.02692
   0.00049
  -0.16788
   0.27035
   0.12580
   0.02013
  -0.02971
   0.79483
   0.01796
  -0.00119
   0.02544
   0.00078
  -0.16060
   0.31452
   0.13504
  -0.02934
  -0.13718
   0.77586
   0.01040
  -0.00190
  -0.50271
   1.15375
  -1.19584
GBESTVAL
 -5.534933

GBEST
   0.01881
   0.00005
  -0.17104
   0.28499
   0.08029
  -0.01840
  -0.22647
   0.77525
   0.02975
  -0.00188
   0.02692
   0.00049
  -0.16788
   0.27035
   0.12580
   0.02013
  -0.02971
   0.79483
   0.01796
  -0.00119
   0.02544
   0.00078
  -0.16060
   0.31452
   0.13504
  -0.02934
  -0.13718
   0.77586
   0.01040
  -0.00190
  -0.50271
   1.15375
  -1.19584
GBESTVAL
 -5.534933

GBEST
   0.01881
   0.00005
  -0.17104
   0.28499
   0.08029
  -0.01840
  -0.22647
   0.77525
   0.02975
  -0.00188
   0.02692
   0.00049
  -0.16788
   0.27035
   0.12580
   0.02013
  -0.02971
   0.79483
   0.01796
  -0.00119
   0.02544
   0.00078
  -0.16060
   0.31452
   0.13504
  -0.02934
  -0.13718
   0.77586
   0.01040
  -0.00190
  -0.50271
   1.15375
  -1.19584
GBESTVAL
 -5.534933

GBEST
   0.01881
   0.00005
  -0.17104
   0.28499
   0.08029
  -0.01840
  -0.22647
   0.77525
   0.02975
  -0.00188
   0.02692
   0.00049
  -0.16788
   0.27035
   0.12580
   0.02013
  -0.02971
   0.79483
   0.01796
  -0.00119
   0.02544
   0.00078
  -0.16060
   0.31452
   0.13504
  -0.02934
  -0.13718
   0.77586
   0.01040
  -0.00190
  -0.50271
   1.15375
  -1.19584
GBESTVAL
 -5.534933

GBEST
   0.01881
   0.00005
  -0.17104
   0.28499
   0.08029
  -0.01840
  -0.22647
   0.77525
   0.02975
  -0.00188
   0.02692
   0.00049
  -0.16788
   0.27035
   0.12580
   0.02013
  -0.02971
   0.79483
   0.01796
  -0.00119
   0.02544
   0.00078
  -0.16060
   0.31452
   0.13504
  -0.02934
  -0.13718
   0.77586
   0.01040
  -0.00190
  -0.50271
   1.15375
  -1.19584
GBESTVAL
 -5.534933

GBEST
   0.01881
   0.00005
  -0.17104
   0.28499
   0.08029
  -0.01840
  -0.22647
   0.77525
   0.02975
  -0.00188
   0.02692
   0.00049
  -0.16788
   0.27035
   0.12580
   0.02013
  -0.02971
   0.79483
   0.01796
  -0.00119
   0.02544
   0.00078
  -0.16060
   0.31452
   0.13504
  -0.02934
  -0.13718
   0.77586
   0.01040
  -0.00190
  -0.50271
   1.15375
  -1.19584
GBESTVAL
 -5.534933

GBEST
   0.01881
   0.00005
  -0.17104
   0.28499
   0.08029
  -0.01840
  -0.22647
   0.77525
   0.02975
  -0.00188
   0.02692
   0.00049
  -0.16788
   0.27035
   0.12580
   0.02013
  -0.02971
   0.79483
   0.01796
  -0.00119
   0.02544
   0.00078
  -0.16060
   0.31452
   0.13504
  -0.02934
  -0.13718
   0.77586
   0.01040
  -0.00190
  -0.50271
   1.15375
  -1.19584
