AQUI COMEÇA O PROGRAMA

MAXIMUM VELOCITY:                MAX EPOCHS:                      2000.00
POPULATION SIZE:                 66.00
ACC. CONSTANT 1 (LOCAL):          2.00
ACC. CONSTANT 2 (LOCAL):          2.00
INITIAL INERTIA CONSTANT:         0.90
FINAL INERTIA CONSTANT:           0.40
ITERATION FINAL IN. CONST.:      200.00
MINIMAL CONVERGENCE SPEED:        0.00
MINIMAL EPOCHS WITHOUT CHANGE:   10.00
ERROR GOAL:                        NaN
MANUAL INITIAL:                   0.00
GBESTVAL
-31.518919

GBEST
   0.01042

   0.00179

  -0.08645

   0.23257

   0.07380

  -0.02869

  -0.27551

   0.79414

   0.01141

   0.00320

   0.01517

   0.00201

  -0.09476

   0.31051

   0.05468

  -0.01331

  -0.27776

   0.78986

   0.02001

  -0.00252

   0.02633

   0.00104

  -0.08628

   0.31727

   0.05711

  -0.02838

  -0.10627

   0.78564

   0.02221

   0.00273

   0.14776

  -1.18964

   0.78442

GBESTVAL
-31.518919

GBEST
   0.01042

   0.00179

  -0.08645

   0.23257

   0.07380

  -0.02869

  -0.27551

   0.79414

   0.01141

   0.00320

   0.01517

   0.00201

  -0.09476

   0.31051

   0.05468

  -0.01331

  -0.27776

   0.78986

   0.02001

  -0.00252

   0.02633

   0.00104

  -0.08628

   0.31727

   0.05711

  -0.02838

  -0.10627

   0.78564

   0.02221

   0.00273

   0.14776

  -1.18964

   0.78442

GBESTVAL
-31.518919

GBEST
   0.01042

   0.00179

  -0.08645

   0.23257

   0.07380

  -0.02869

  -0.27551

   0.79414

   0.01141

   0.00320

   0.01517

   0.00201

  -0.09476

   0.31051

   0.05468

  -0.01331

  -0.27776

   0.78986

   0.02001

  -0.00252

   0.02633

   0.00104

  -0.08628

   0.31727

   0.05711

  -0.02838

  -0.10627

   0.78564

   0.02221

   0.00273

   0.14776

  -1.18964

   0.78442

GBESTVAL
-31.872913

GBEST
   0.01000

   0.00200

  -0.10000

   0.20000

   0.07000

  -0.02000

  -0.30000

   0.70000

   0.01000

   0.00300

   0.01000

   0.00300

  -0.10000

   0.30000

   0.05000

  -0.01000

  -0.20000

   0.70000

   0.02000

  -0.00100

   0.01000

   0.00200

  -0.10000

   0.30000

   0.06000

  -0.02000

  -0.10000

   0.70000

   0.03000

   0.00300

   0.47552

  -1.01876

  -5.00000

GBESTVAL
-31.872913

GBEST
   0.01000

   0.00200

  -0.10000

   0.20000

   0.07000

  -0.02000

  -0.30000

   0.70000

   0.01000

   0.00300

   0.01000

   0.00300

  -0.10000

   0.30000

   0.05000

  -0.01000

  -0.20000

   0.70000

   0.02000

  -0.00100

   0.01000

   0.00200

  -0.10000

   0.30000

   0.06000

  -0.02000

  -0.10000

   0.70000

   0.03000

   0.00300

   0.47552

  -1.01876

  -5.00000

GBESTVAL
-32.185618

GBEST
   0.01000

   0.00200

  -0.10000

   0.20000

   0.07000

  -0.02000

  -0.30000

   0.70000

   0.01000

   0.00300

   0.01000

   0.00300

  -0.10000

   0.30000

   0.05000

  -0.01000

  -0.20000

   0.70000

   0.02000

  -0.00100

   0.01000

   0.00200

  -0.10000

   0.30000

   0.06000

  -0.02000

  -0.10000

   0.70000

   0.03000

   0.00300

  -5.00000

  -1.50238

  -5.00000

GBESTVAL
-32.185618

GBEST
   0.01000

   0.00200

  -0.10000

   0.20000

   0.07000

  -0.02000

  -0.30000

   0.70000

   0.01000

   0.00300

   0.01000

   0.00300

  -0.10000

   0.30000

   0.05000

  -0.01000

  -0.20000

   0.70000

   0.02000

  -0.00100

   0.01000

   0.00200

  -0.10000

   0.30000

   0.06000

  -0.02000

  -0.10000

   0.70000

   0.03000

   0.00300

  -5.00000

  -1.50238

  -5.00000

GBESTVAL
-32.185618

GBEST
   0.01000

   0.00200

  -0.10000

   0.20000

   0.07000

  -0.02000

  -0.30000

   0.70000

   0.01000

   0.00300

   0.01000

   0.00300

  -0.10000

   0.30000

   0.05000

  -0.01000

  -0.20000

   0.70000

   0.02000

  -0.00100

   0.01000

   0.00200

  -0.10000

   0.30000

   0.06000

  -0.02000

  -0.10000

   0.70000

   0.03000

   0.00300

  -5.00000

  -1.50238

  -5.00000

GBESTVAL
-32.185618

GBEST
   0.01000

   0.00200

  -0.10000

   0.20000

   0.07000

  -0.02000

  -0.30000

   0.70000

   0.01000

   0.00300

   0.01000

   0.00300

  -0.10000

   0.30000

   0.05000

  -0.01000

  -0.20000

   0.70000

   0.02000

  -0.00100

   0.01000

   0.00200

  -0.10000

   0.30000

   0.06000

  -0.02000

  -0.10000

   0.70000

   0.03000

   0.00300

  -5.00000

  -1.50238

  -5.00000

GBESTVAL
-32.185618

GBEST
   0.01000

   0.00200

  -0.10000

   0.20000

   0.07000

  -0.02000

  -0.30000

   0.70000

   0.01000

   0.00300

   0.01000

   0.00300

  -0.10000

   0.30000

   0.05000

  -0.01000

  -0.20000

   0.70000

   0.02000

  -0.00100

   0.01000

   0.00200

  -0.10000

   0.30000

   0.06000

  -0.02000

  -0.10000

   0.70000

   0.03000

   0.00300

  -5.00000

  -1.50238

  -5.00000

GBESTVAL
-32.185618

GBEST
   0.01000

   0.00200

  -0.10000

   0.20000

   0.07000

  -0.02000

  -0.30000

   0.70000

   0.01000

   0.00300

   0.01000

   0.00300

  -0.10000

   0.30000

   0.05000

  -0.01000

  -0.20000

   0.70000

   0.02000

  -0.00100

   0.01000

   0.00200

  -0.10000

   0.30000

   0.06000

  -0.02000

  -0.10000

   0.70000

   0.03000

   0.00300

  -5.00000

  -1.50238

  -5.00000

GBESTVAL
-32.185618

GBEST
   0.01000

   0.00200

  -0.10000

   0.20000

   0.07000

  -0.02000

  -0.30000

   0.70000

   0.01000

   0.00300

   0.01000

   0.00300

  -0.10000

   0.30000

   0.05000

  -0.01000

  -0.20000

   0.70000

   0.02000

  -0.00100

   0.01000

   0.00200

  -0.10000

   0.30000

   0.06000

  -0.02000

  -0.10000

   0.70000

   0.03000

   0.00300

  -5.00000

  -1.50238

  -5.00000

GBESTVAL
-32.185618

GBEST
   0.01000

   0.00200

  -0.10000

   0.20000

   0.07000

  -0.02000

  -0.30000

   0.70000

   0.01000

   0.00300

   0.01000

   0.00300

  -0.10000

   0.30000

   0.05000

  -0.01000

  -0.20000

   0.70000

   0.02000

  -0.00100

   0.01000

   0.00200

  -0.10000

   0.30000

   0.06000

  -0.02000

  -0.10000

   0.70000

   0.03000

   0.00300

  -5.00000

  -1.50238

  -5.00000

GBESTVAL
-32.185618

GBEST
   0.01000

   0.00200

  -0.10000

   0.20000

   0.07000

  -0.02000

  -0.30000

   0.70000

   0.01000

   0.00300

   0.01000

   0.00300

  -0.10000

   0.30000

   0.05000

  -0.01000

  -0.20000

   0.70000

   0.02000

  -0.00100

   0.01000

   0.00200

  -0.10000

   0.30000

   0.06000

  -0.02000

  -0.10000

   0.70000

   0.03000

   0.00300

  -5.00000

  -1.50238

  -5.00000

GBESTVAL
-32.185618

GBEST
   0.01000

   0.00200

  -0.10000

   0.20000

   0.07000

  -0.02000

  -0.30000

   0.70000

   0.01000

   0.00300

   0.01000

   0.00300

  -0.10000

   0.30000

   0.05000

  -0.01000

  -0.20000

   0.70000

   0.02000

  -0.00100

   0.01000

   0.00200

  -0.10000

   0.30000

   0.06000

  -0.02000

  -0.10000

   0.70000

   0.03000

   0.00300

  -5.00000

  -1.50238

  -5.00000

GBESTVAL
-32.185618

GBEST
   0.01000

   0.00200

  -0.10000

   0.20000

   0.07000

  -0.02000

  -0.30000

   0.70000

   0.01000

   0.00300

   0.01000

   0.00300

  -0.10000

   0.30000

   0.05000

  -0.01000

  -0.20000

   0.70000

   0.02000

  -0.00100

   0.01000

   0.00200

  -0.10000

   0.30000

   0.06000

  -0.02000

  -0.10000

   0.70000

   0.03000

   0.00300

  -5.00000

  -1.50238

  -5.00000

