AQUI COMEÇA O PROGRAMA

MAXIMUM VELOCITY:                0.01
MAXIMUM VELOCITY:                0.00
MAXIMUM VELOCITY:                0.10
MAXIMUM VELOCITY:                0.13
MAXIMUM VELOCITY:                0.03
MAXIMUM VELOCITY:                0.01
MAXIMUM VELOCITY:                0.15
MAXIMUM VELOCITY:                0.10
MAXIMUM VELOCITY:                0.01
MAXIMUM VELOCITY:                0.01
MAXIMUM VELOCITY:                0.01
MAXIMUM VELOCITY:                0.00
MAXIMUM VELOCITY:                0.16
MAXIMUM VELOCITY:                0.13
MAXIMUM VELOCITY:                0.03
MAXIMUM VELOCITY:                0.01
MAXIMUM VELOCITY:                0.15
MAXIMUM VELOCITY:                0.10
MAXIMUM VELOCITY:                0.01
MAXIMUM VELOCITY:                0.01
MAXIMUM VELOCITY:                0.01
MAXIMUM VELOCITY:                0.00
MAXIMUM VELOCITY:                0.21
MAXIMUM VELOCITY:                0.13
MAXIMUM VELOCITY:                0.03
MAXIMUM VELOCITY:                0.01
MAXIMUM VELOCITY:                0.15
MAXIMUM VELOCITY:                0.10
MAXIMUM VELOCITY:                0.01
MAXIMUM VELOCITY:                0.01
MAXIMUM VELOCITY:                5.00
MAXIMUM VELOCITY:                5.00
MAXIMUM VELOCITY:                5.00
MAX EPOCHS:                      2000.00
POPULATION SIZE:                 99.00
ACC. CONSTANT 1 (LOCAL):          1.00
ACC. CONSTANT 2 (LOCAL):          3.00
INITIAL INERTIA CONSTANT:         0.90
FINAL INERTIA CONSTANT:           0.40
ITERATION FINAL IN. CONST.:      50.00
MINIMAL CONVERGENCE SPEED:        0.00
MINIMAL EPOCHS WITHOUT CHANGE:   10.00
ERROR GOAL:                        NaN
MANUAL INITIAL:                   0.00


GBESTVAL
-28.535663

GBEST
   0.02167
   0.00216
  -0.00100
   0.34519
   0.09301
  -0.01295
  -0.13597
   0.79251
   0.01281
   0.00007
   0.01115
   0.00096
  -0.25438
   0.31960
   0.07101
  -0.00608
  -0.24199
   0.75870
   0.02437
  -0.00229
   0.01796
   0.00117
  -0.10074
   0.34970
   0.07356
  -0.01015
  -0.01876
   0.78727
   0.01339
   0.00175
   3.20083
   4.03573
  -2.55833
GBESTVAL
-28.535663

GBEST
   0.02167
   0.00216
  -0.00100
   0.34519
   0.09301
  -0.01295
  -0.13597
   0.79251
   0.01281
   0.00007
   0.01115
   0.00096
  -0.25438
   0.31960
   0.07101
  -0.00608
  -0.24199
   0.75870
   0.02437
  -0.00229
   0.01796
   0.00117
  -0.10074
   0.34970
   0.07356
  -0.01015
  -0.01876
   0.78727
   0.01339
   0.00175
   3.20083
   4.03573
  -2.55833
GBESTVAL
-31.044852

GBEST
   0.01735
   0.00206
  -0.09561
   0.25000
   0.08028
  -0.01813
  -0.19552
   0.76465
   0.01637
   0.00167
   0.01000
   0.00096
  -0.12128
   0.25810
   0.06368
   0.00000
  -0.27433
   0.73759
   0.02548
   0.00044
   0.01912
   0.00129
  -0.00100
   0.30858
   0.06590
  -0.01031
  -0.02189
   0.74959
   0.02013
   0.00241
   1.72033
   3.54473
   1.09387
GBESTVAL
-31.596646

GBEST
   0.01579
   0.00031
  -0.10550
   0.25000
   0.07286
  -0.02305
  -0.14113
   0.74828
   0.01885
   0.00415
   0.02000
   0.00003
  -0.11343
   0.25000
   0.05620
  -0.00340
  -0.27569
   0.72848
   0.02628
  -0.00103
   0.01981
   0.00122
  -0.19515
   0.25000
   0.07185
  -0.00322
  -0.00500
   0.71599
   0.02000
   0.00232
   0.57942
   0.00000
   0.00000
GBESTVAL
-32.334231

GBEST
   0.01336
   0.00058
  -0.15771
   0.25643
   0.07394
  -0.03000
  -0.09591
   0.71204
   0.02000
   0.00000
   0.02000
   0.00175
  -0.00100
   0.25000
   0.05000
  -0.01500
  -0.15250
   0.70852
   0.03000
  -0.00161
   0.02235
   0.00093
  -0.08067
   0.25000
   0.06216
  -0.01500
  -0.10738
   0.80000
   0.02072
   0.00154
   0.00000
   0.00000
  -1.57433
GBESTVAL
-32.334231

GBEST
   0.01336
   0.00058
  -0.15771
   0.25643
   0.07394
  -0.03000
  -0.09591
   0.71204
   0.02000
   0.00000
   0.02000
   0.00175
  -0.00100
   0.25000
   0.05000
  -0.01500
  -0.15250
   0.70852
   0.03000
  -0.00161
   0.02235
   0.00093
  -0.08067
   0.25000
   0.06216
  -0.01500
  -0.10738
   0.80000
   0.02072
   0.00154
   0.00000
   0.00000
  -1.57433
GBESTVAL
-32.334231

GBEST
   0.01336
   0.00058
  -0.15771
   0.25643
   0.07394
  -0.03000
  -0.09591
   0.71204
   0.02000
   0.00000
   0.02000
   0.00175
  -0.00100
   0.25000
   0.05000
  -0.01500
  -0.15250
   0.70852
   0.03000
  -0.00161
   0.02235
   0.00093
  -0.08067
   0.25000
   0.06216
  -0.01500
  -0.10738
   0.80000
   0.02072
   0.00154
   0.00000
   0.00000
  -1.57433
GBESTVAL
-32.334231

GBEST
   0.01336
   0.00058
  -0.15771
   0.25643
   0.07394
  -0.03000
  -0.09591
   0.71204
   0.02000
   0.00000
   0.02000
   0.00175
  -0.00100
   0.25000
   0.05000
  -0.01500
  -0.15250
   0.70852
   0.03000
  -0.00161
   0.02235
   0.00093
  -0.08067
   0.25000
   0.06216
  -0.01500
  -0.10738
   0.80000
   0.02072
   0.00154
   0.00000
   0.00000
  -1.57433
GBESTVAL
-32.334231

GBEST
   0.01336
   0.00058
  -0.15771
   0.25643
   0.07394
  -0.03000
  -0.09591
   0.71204
   0.02000
   0.00000
   0.02000
   0.00175
  -0.00100
   0.25000
   0.05000
  -0.01500
  -0.15250
   0.70852
   0.03000
  -0.00161
   0.02235
   0.00093
  -0.08067
   0.25000
   0.06216
  -0.01500
  -0.10738
   0.80000
   0.02072
   0.00154
   0.00000
   0.00000
  -1.57433
GBESTVAL
-33.274248

GBEST
   0.02335
   0.00131
  -0.12658
   0.37500
   0.06698
  -0.01112
  -0.17136
   0.71749
   0.01390
  -0.00198
   0.01947
   0.00109
  -0.00100
   0.25319
   0.05000
  -0.01210
  -0.10716
   0.70000
   0.03000
   0.00340
   0.01436
   0.00190
  -0.00100
   0.26553
   0.05000
  -0.00133
  -0.14359
   0.70000
   0.02185
   0.00071
  -2.91373
  -3.78365
  -5.00000
GBESTVAL
-33.274248

GBEST
   0.02335
   0.00131
  -0.12658
   0.37500
   0.06698
  -0.01112
  -0.17136
   0.71749
   0.01390
  -0.00198
   0.01947
   0.00109
  -0.00100
   0.25319
   0.05000
  -0.01210
  -0.10716
   0.70000
   0.03000
   0.00340
   0.01436
   0.00190
  -0.00100
   0.26553
   0.05000
  -0.00133
  -0.14359
   0.70000
   0.02185
   0.00071
  -2.91373
  -3.78365
  -5.00000
GBESTVAL
-33.274248

GBEST
   0.02335
   0.00131
  -0.12658
   0.37500
   0.06698
  -0.01112
  -0.17136
   0.71749
   0.01390
  -0.00198
   0.01947
   0.00109
  -0.00100
   0.25319
   0.05000
  -0.01210
  -0.10716
   0.70000
   0.03000
   0.00340
   0.01436
   0.00190
  -0.00100
   0.26553
   0.05000
  -0.00133
  -0.14359
   0.70000
   0.02185
   0.00071
  -2.91373
  -3.78365
  -5.00000
GBESTVAL
-33.274248

GBEST
   0.02335
   0.00131
  -0.12658
   0.37500
   0.06698
  -0.01112
  -0.17136
   0.71749
   0.01390
  -0.00198
   0.01947
   0.00109
  -0.00100
   0.25319
   0.05000
  -0.01210
  -0.10716
   0.70000
   0.03000
   0.00340
   0.01436
   0.00190
  -0.00100
   0.26553
   0.05000
  -0.00133
  -0.14359
   0.70000
   0.02185
   0.00071
  -2.91373
  -3.78365
  -5.00000
GBESTVAL
-33.274248

GBEST
   0.02335
   0.00131
  -0.12658
   0.37500
   0.06698
  -0.01112
  -0.17136
   0.71749
   0.01390
  -0.00198
   0.01947
   0.00109
  -0.00100
   0.25319
   0.05000
  -0.01210
  -0.10716
   0.70000
   0.03000
   0.00340
   0.01436
   0.00190
  -0.00100
   0.26553
   0.05000
  -0.00133
  -0.14359
   0.70000
   0.02185
   0.00071
  -2.91373
  -3.78365
  -5.00000
GBESTVAL
-33.274248

GBEST
   0.02335
   0.00131
  -0.12658
   0.37500
   0.06698
  -0.01112
  -0.17136
   0.71749
   0.01390
  -0.00198
   0.01947
   0.00109
  -0.00100
   0.25319
   0.05000
  -0.01210
  -0.10716
   0.70000
   0.03000
   0.00340
   0.01436
   0.00190
  -0.00100
   0.26553
   0.05000
  -0.00133
  -0.14359
   0.70000
   0.02185
   0.00071
  -2.91373
  -3.78365
  -5.00000
GBESTVAL
-33.274248

GBEST
   0.02335
   0.00131
  -0.12658
   0.37500
   0.06698
  -0.01112
  -0.17136
   0.71749
   0.01390
  -0.00198
   0.01947
   0.00109
  -0.00100
   0.25319
   0.05000
  -0.01210
  -0.10716
   0.70000
   0.03000
   0.00340
   0.01436
   0.00190
  -0.00100
   0.26553
   0.05000
  -0.00133
  -0.14359
   0.70000
   0.02185
   0.00071
  -2.91373
  -3.78365
  -5.00000
GBESTVAL
-33.274248

GBEST
   0.02335
   0.00131
  -0.12658
   0.37500
   0.06698
  -0.01112
  -0.17136
   0.71749
   0.01390
  -0.00198
   0.01947
   0.00109
  -0.00100
   0.25319
   0.05000
  -0.01210
  -0.10716
   0.70000
   0.03000
   0.00340
   0.01436
   0.00190
  -0.00100
   0.26553
   0.05000
  -0.00133
  -0.14359
   0.70000
   0.02185
   0.00071
  -2.91373
  -3.78365
  -5.00000
GBESTVAL
-33.541995

GBEST
   0.02593
   0.00134
  -0.08871
   0.32885
   0.05894
  -0.01378
  -0.16392
   0.74743
   0.01584
   0.00000
   0.01641
   0.00099
  -0.00100
   0.25000
   0.05000
  -0.01762
  -0.10331
   0.70000
   0.02425
   0.00000
   0.01572
   0.00175
  -0.05870
   0.25000
   0.05759
  -0.00567
  -0.09600
   0.72023
   0.02016
   0.00103
  -2.31123
  -1.59512
  -4.59468
GBESTVAL
-33.541995

GBEST
   0.02593
   0.00134
  -0.08871
   0.32885
   0.05894
  -0.01378
  -0.16392
   0.74743
   0.01584
   0.00000
   0.01641
   0.00099
  -0.00100
   0.25000
   0.05000
  -0.01762
  -0.10331
   0.70000
   0.02425
   0.00000
   0.01572
   0.00175
  -0.05870
   0.25000
   0.05759
  -0.00567
  -0.09600
   0.72023
   0.02016
   0.00103
  -2.31123
  -1.59512
  -4.59468
GBESTVAL
-33.686242

GBEST
   0.02912
   0.00178
  -0.00100
   0.34190
   0.05425
  -0.01821
  -0.17073
   0.70000
   0.01000
   0.00035
   0.01725
   0.00114
  -0.00100
   0.25000
   0.05000
  -0.01510
  -0.11608
   0.70000
   0.01961
  -0.00161
   0.01000
   0.00160
  -0.10932
   0.34082
   0.05333
  -0.01500
  -0.18502
   0.80000
   0.02009
   0.00251
  -2.16561
  -2.39608
  -5.00000
GBESTVAL
-33.686242

GBEST
   0.02912
   0.00178
  -0.00100
   0.34190
   0.05425
  -0.01821
  -0.17073
   0.70000
   0.01000
   0.00035
   0.01725
   0.00114
  -0.00100
   0.25000
   0.05000
  -0.01510
  -0.11608
   0.70000
   0.01961
  -0.00161
   0.01000
   0.00160
  -0.10932
   0.34082
   0.05333
  -0.01500
  -0.18502
   0.80000
   0.02009
   0.00251
  -2.16561
  -2.39608
  -5.00000
GBESTVAL
-33.686242

GBEST
   0.02912
   0.00178
  -0.00100
   0.34190
   0.05425
  -0.01821
  -0.17073
   0.70000
   0.01000
   0.00035
   0.01725
   0.00114
  -0.00100
   0.25000
   0.05000
  -0.01510
  -0.11608
   0.70000
   0.01961
  -0.00161
   0.01000
   0.00160
  -0.10932
   0.34082
   0.05333
  -0.01500
  -0.18502
   0.80000
   0.02009
   0.00251
  -2.16561
  -2.39608
  -5.00000
GBESTVAL
-33.686242

GBEST
   0.02912
   0.00178
  -0.00100
   0.34190
   0.05425
  -0.01821
  -0.17073
   0.70000
   0.01000
   0.00035
   0.01725
   0.00114
  -0.00100
   0.25000
   0.05000
  -0.01510
  -0.11608
   0.70000
   0.01961
  -0.00161
   0.01000
   0.00160
  -0.10932
   0.34082
   0.05333
  -0.01500
  -0.18502
   0.80000
   0.02009
   0.00251
  -2.16561
  -2.39608
  -5.00000
GBESTVAL
-33.690013

GBEST
   0.02627
   0.00163
  -0.03871
   0.35565
   0.05000
  -0.00438
  -0.19843
   0.80000
   0.01657
   0.00102
   0.01543
   0.00053
  -0.00100
   0.26850
   0.05000
  -0.01981
  -0.08488
   0.70000
   0.01429
   0.00053
   0.01159
   0.00126
  -0.10548
   0.37443
   0.05000
  -0.01362
  -0.04263
   0.78208
   0.01733
   0.00008
  -2.53547
  -1.30867
  -5.00000
GBESTVAL
-33.690013

GBEST
   0.02627
   0.00163
  -0.03871
   0.35565
   0.05000
  -0.00438
  -0.19843
   0.80000
   0.01657
   0.00102
   0.01543
   0.00053
  -0.00100
   0.26850
   0.05000
  -0.01981
  -0.08488
   0.70000
   0.01429
   0.00053
   0.01159
   0.00126
  -0.10548
   0.37443
   0.05000
  -0.01362
  -0.04263
   0.78208
   0.01733
   0.00008
  -2.53547
  -1.30867
  -5.00000
