AQUI COMEÇA O PROGRAMA

MAXIMUM VELOCITY:                0.01
MAXIMUM VELOCITY:                0.00
MAXIMUM VELOCITY:                0.10
MAXIMUM VELOCITY:                0.13
MAXIMUM VELOCITY:                0.03
MAXIMUM VELOCITY:                0.01
MAXIMUM VELOCITY:                0.15
MAXIMUM VELOCITY:                0.10
MAXIMUM VELOCITY:                0.01
MAXIMUM VELOCITY:                0.01
MAXIMUM VELOCITY:                0.01
MAXIMUM VELOCITY:                0.00
MAXIMUM VELOCITY:                0.16
MAXIMUM VELOCITY:                0.13
MAXIMUM VELOCITY:                0.03
MAXIMUM VELOCITY:                0.01
MAXIMUM VELOCITY:                0.15
MAXIMUM VELOCITY:                0.10
MAXIMUM VELOCITY:                0.01
MAXIMUM VELOCITY:                0.01
MAXIMUM VELOCITY:                0.01
MAXIMUM VELOCITY:                0.00
MAXIMUM VELOCITY:                0.21
MAXIMUM VELOCITY:                0.13
MAXIMUM VELOCITY:                0.03
MAXIMUM VELOCITY:                0.01
MAXIMUM VELOCITY:                0.15
MAXIMUM VELOCITY:                0.10
MAXIMUM VELOCITY:                0.01
MAXIMUM VELOCITY:                0.01
MAXIMUM VELOCITY:                5.00
MAXIMUM VELOCITY:                5.00
MAXIMUM VELOCITY:                5.00
MAX EPOCHS:                      35.00
POPULATION SIZE:                 100.00
ACC. CONSTANT 1 (LOCAL):          1.00
ACC. CONSTANT 2 (LOCAL):          3.00
INITIAL INERTIA CONSTANT:         0.90
FINAL INERTIA CONSTANT:           0.40
ITERATION FINAL IN. CONST.:      50.00
MINIMAL CONVERGENCE SPEED:        0.00
MINIMAL EPOCHS WITHOUT CHANGE:   35.00
ERROR GOAL:                        NaN
MANUAL INITIAL:                   0.00


GBESTVAL
-26.174540

GBEST
   0.02738
   0.00132
  -0.00100
   0.32268
   0.09324
  -0.01064
  -0.01242
   0.72028
   0.01813
  -0.00283
   0.01060
   0.00286
  -0.29021
   0.26126
   0.07818
  -0.01272
  -0.29726
   0.75828
   0.02250
   0.00099
   0.01260
   0.00169
  -0.01830
   0.41342
   0.08344
  -0.02131
  -0.24370
   0.84438
   0.01900
   0.00023
   1.81782
  -3.55005
  -2.36580
GBESTVAL
-26.174540

GBEST
   0.02738
   0.00132
  -0.00100
   0.32268
   0.09324
  -0.01064
  -0.01242
   0.72028
   0.01813
  -0.00283
   0.01060
   0.00286
  -0.29021
   0.26126
   0.07818
  -0.01272
  -0.29726
   0.75828
   0.02250
   0.00099
   0.01260
   0.00169
  -0.01830
   0.41342
   0.08344
  -0.02131
  -0.24370
   0.84438
   0.01900
   0.00023
   1.81782
  -3.55005
  -2.36580
GBESTVAL
-29.278353

GBEST
   0.02467
   0.00204
  -0.00100
   0.25505
   0.08524
  -0.01482
  -0.02788
   0.74443
   0.01821
  -0.00284
   0.02340
   0.00300
  -0.19576
   0.25000
   0.06833
  -0.01783
  -0.23107
   0.71876
   0.02464
  -0.00278
   0.01075
   0.00179
  -0.03309
   0.35770
   0.08004
  -0.01500
  -0.21398
   0.77745
   0.01659
   0.00003
   2.76732
  -0.72023
  -2.89326
GBESTVAL
-31.178418

GBEST
   0.02538
   0.00300
  -0.00100
   0.25000
   0.07889
  -0.01604
  -0.15250
   0.72354
   0.02115
  -0.00381
   0.02117
   0.00300
  -0.08312
   0.25000
   0.05470
  -0.02027
  -0.15250
   0.70000
   0.03000
  -0.00241
   0.01000
   0.00232
  -0.00100
   0.35968
   0.07731
  -0.01988
  -0.30000
   0.80233
   0.02713
   0.00074
  -0.89129
   0.64887
  -2.18781
GBESTVAL
-32.279694

GBEST
   0.02000
   0.00300
  -0.00100
   0.35995
   0.07643
  -0.01313
  -0.28224
   0.73933
   0.02108
   0.00000
   0.01958
   0.00300
  -0.02063
   0.35995
   0.05000
  -0.00049
  -0.15250
   0.78796
   0.02120
  -0.00226
   0.01658
   0.00246
  -0.00100
   0.25000
   0.05905
  -0.02791
  -0.30000
   0.71086
   0.02606
  -0.00003
   0.00000
   0.34754
  -0.89638
GBESTVAL
-32.279694

GBEST
   0.02000
   0.00300
  -0.00100
   0.35995
   0.07643
  -0.01313
  -0.28224
   0.73933
   0.02108
   0.00000
   0.01958
   0.00300
  -0.02063
   0.35995
   0.05000
  -0.00049
  -0.15250
   0.78796
   0.02120
  -0.00226
   0.01658
   0.00246
  -0.00100
   0.25000
   0.05905
  -0.02791
  -0.30000
   0.71086
   0.02606
  -0.00003
   0.00000
   0.34754
  -0.89638
GBESTVAL
-32.279694

GBEST
   0.02000
   0.00300
  -0.00100
   0.35995
   0.07643
  -0.01313
  -0.28224
   0.73933
   0.02108
   0.00000
   0.01958
   0.00300
  -0.02063
   0.35995
   0.05000
  -0.00049
  -0.15250
   0.78796
   0.02120
  -0.00226
   0.01658
   0.00246
  -0.00100
   0.25000
   0.05905
  -0.02791
  -0.30000
   0.71086
   0.02606
  -0.00003
   0.00000
   0.34754
  -0.89638
GBESTVAL
-32.279694

GBEST
   0.02000
   0.00300
  -0.00100
   0.35995
   0.07643
  -0.01313
  -0.28224
   0.73933
   0.02108
   0.00000
   0.01958
   0.00300
  -0.02063
   0.35995
   0.05000
  -0.00049
  -0.15250
   0.78796
   0.02120
  -0.00226
   0.01658
   0.00246
  -0.00100
   0.25000
   0.05905
  -0.02791
  -0.30000
   0.71086
   0.02606
  -0.00003
   0.00000
   0.34754
  -0.89638
GBESTVAL
-32.319983

GBEST
   0.01571
   0.00186
  -0.00100
   0.30518
   0.08833
  -0.01263
  -0.15250
   0.70000
   0.01556
  -0.00272
   0.02379
   0.00179
  -0.00865
   0.38240
   0.05000
   0.00000
  -0.13730
   0.77884
   0.01628
   0.00000
   0.01248
   0.00105
  -0.00100
   0.27975
   0.05302
  -0.02461
  -0.24701
   0.80540
   0.02381
   0.00041
   0.93144
  -0.13673
  -1.02607
GBESTVAL
-32.319983

GBEST
   0.01571
   0.00186
  -0.00100
   0.30518
   0.08833
  -0.01263
  -0.15250
   0.70000
   0.01556
  -0.00272
   0.02379
   0.00179
  -0.00865
   0.38240
   0.05000
   0.00000
  -0.13730
   0.77884
   0.01628
   0.00000
   0.01248
   0.00105
  -0.00100
   0.27975
   0.05302
  -0.02461
  -0.24701
   0.80540
   0.02381
   0.00041
   0.93144
  -0.13673
  -1.02607
GBESTVAL
-32.319983

GBEST
   0.01571
   0.00186
  -0.00100
   0.30518
   0.08833
  -0.01263
  -0.15250
   0.70000
   0.01556
  -0.00272
   0.02379
   0.00179
  -0.00865
   0.38240
   0.05000
   0.00000
  -0.13730
   0.77884
   0.01628
   0.00000
   0.01248
   0.00105
  -0.00100
   0.27975
   0.05302
  -0.02461
  -0.24701
   0.80540
   0.02381
   0.00041
   0.93144
  -0.13673
  -1.02607
GBESTVAL
-32.630922

GBEST
   0.03000
   0.00279
  -0.00100
   0.37500
   0.07500
  -0.01165
  -0.20609
   0.80000
   0.01344
  -0.00192
   0.02434
   0.00300
  -0.00100
   0.25000
   0.05000
  -0.01264
  -0.21422
   0.71233
   0.01520
  -0.00026
   0.01000
   0.00150
  -0.00100
   0.37500
   0.05000
  -0.01436
  -0.18341
   0.70000
   0.01923
   0.00110
  -0.91285
  -0.10419
  -2.35413
GBESTVAL
-33.066552

GBEST
   0.02000
   0.00291
  -0.08439
   0.36767
   0.06615
  -0.00593
  -0.28428
   0.80000
   0.02778
  -0.00175
   0.02224
   0.00293
  -0.00100
   0.25000
   0.05000
  -0.01865
  -0.30000
   0.77011
   0.01526
   0.00101
   0.01000
   0.00199
  -0.00100
   0.34428
   0.05000
  -0.01346
  -0.09271
   0.70000
   0.03000
   0.00113
  -1.44060
   0.56826
  -2.86965
GBESTVAL
-33.066552

GBEST
   0.02000
   0.00291
  -0.08439
   0.36767
   0.06615
  -0.00593
  -0.28428
   0.80000
   0.02778
  -0.00175
   0.02224
   0.00293
  -0.00100
   0.25000
   0.05000
  -0.01865
  -0.30000
   0.77011
   0.01526
   0.00101
   0.01000
   0.00199
  -0.00100
   0.34428
   0.05000
  -0.01346
  -0.09271
   0.70000
   0.03000
   0.00113
  -1.44060
   0.56826
  -2.86965
GBESTVAL
-33.066552

GBEST
   0.02000
   0.00291
  -0.08439
   0.36767
   0.06615
  -0.00593
  -0.28428
   0.80000
   0.02778
  -0.00175
   0.02224
   0.00293
  -0.00100
   0.25000
   0.05000
  -0.01865
  -0.30000
   0.77011
   0.01526
   0.00101
   0.01000
   0.00199
  -0.00100
   0.34428
   0.05000
  -0.01346
  -0.09271
   0.70000
   0.03000
   0.00113
  -1.44060
   0.56826
  -2.86965
GBESTVAL
-33.314450

GBEST
   0.01936
   0.00150
  -0.02063
   0.40603
   0.06144
  -0.01224
  -0.15250
   0.76701
   0.02000
  -0.00500
   0.01808
   0.00194
  -0.00534
   0.25000
   0.05000
  -0.01299
  -0.21477
   0.73397
   0.01045
   0.00164
   0.01933
   0.00257
  -0.00100
   0.29094
   0.06918
  -0.03000
  -0.07751
   0.71394
   0.03000
   0.00062
  -0.81979
   0.44194
  -2.36463
GBESTVAL
-33.314450

GBEST
   0.01936
   0.00150
  -0.02063
   0.40603
   0.06144
  -0.01224
  -0.15250
   0.76701
   0.02000
  -0.00500
   0.01808
   0.00194
  -0.00534
   0.25000
   0.05000
  -0.01299
  -0.21477
   0.73397
   0.01045
   0.00164
   0.01933
   0.00257
  -0.00100
   0.29094
   0.06918
  -0.03000
  -0.07751
   0.71394
   0.03000
   0.00062
  -0.81979
   0.44194
  -2.36463
GBESTVAL
-33.314450

GBEST
   0.01936
   0.00150
  -0.02063
   0.40603
   0.06144
  -0.01224
  -0.15250
   0.76701
   0.02000
  -0.00500
   0.01808
   0.00194
  -0.00534
   0.25000
   0.05000
  -0.01299
  -0.21477
   0.73397
   0.01045
   0.00164
   0.01933
   0.00257
  -0.00100
   0.29094
   0.06918
  -0.03000
  -0.07751
   0.71394
   0.03000
   0.00062
  -0.81979
   0.44194
  -2.36463
GBESTVAL
-33.314450

GBEST
   0.01936
   0.00150
  -0.02063
   0.40603
   0.06144
  -0.01224
  -0.15250
   0.76701
   0.02000
  -0.00500
   0.01808
   0.00194
  -0.00534
   0.25000
   0.05000
  -0.01299
  -0.21477
   0.73397
   0.01045
   0.00164
   0.01933
   0.00257
  -0.00100
   0.29094
   0.06918
  -0.03000
  -0.07751
   0.71394
   0.03000
   0.00062
  -0.81979
   0.44194
  -2.36463
GBESTVAL
-33.371310

GBEST
   0.01839
   0.00162
  -0.06244
   0.37195
   0.05529
  -0.01083
  -0.12456
   0.79858
   0.01630
  -0.00500
   0.01847
   0.00276
  -0.03228
   0.25000
   0.05000
  -0.01500
  -0.14241
   0.72286
   0.01000
   0.00436
   0.02025
   0.00300
  -0.00283
   0.29980
   0.07016
  -0.03000
  -0.10570
   0.70000
   0.02273
   0.00322
  -1.89053
   0.37745
  -3.53267
GBESTVAL
-33.371310

GBEST
   0.01839
   0.00162
  -0.06244
   0.37195
   0.05529
  -0.01083
  -0.12456
   0.79858
   0.01630
  -0.00500
   0.01847
   0.00276
  -0.03228
   0.25000
   0.05000
  -0.01500
  -0.14241
   0.72286
   0.01000
   0.00436
   0.02025
   0.00300
  -0.00283
   0.29980
   0.07016
  -0.03000
  -0.10570
   0.70000
   0.02273
   0.00322
  -1.89053
   0.37745
  -3.53267
GBESTVAL
-33.371310

GBEST
   0.01839
   0.00162
  -0.06244
   0.37195
   0.05529
  -0.01083
  -0.12456
   0.79858
   0.01630
  -0.00500
   0.01847
   0.00276
  -0.03228
   0.25000
   0.05000
  -0.01500
  -0.14241
   0.72286
   0.01000
   0.00436
   0.02025
   0.00300
  -0.00283
   0.29980
   0.07016
  -0.03000
  -0.10570
   0.70000
   0.02273
   0.00322
  -1.89053
   0.37745
  -3.53267
GBESTVAL
-33.371310

GBEST
   0.01839
   0.00162
  -0.06244
   0.37195
   0.05529
  -0.01083
  -0.12456
   0.79858
   0.01630
  -0.00500
   0.01847
   0.00276
  -0.03228
   0.25000
   0.05000
  -0.01500
  -0.14241
   0.72286
   0.01000
   0.00436
   0.02025
   0.00300
  -0.00283
   0.29980
   0.07016
  -0.03000
  -0.10570
   0.70000
   0.02273
   0.00322
  -1.89053
   0.37745
  -3.53267
GBESTVAL
-33.371310

GBEST
   0.01839
   0.00162
  -0.06244
   0.37195
   0.05529
  -0.01083
  -0.12456
   0.79858
   0.01630
  -0.00500
   0.01847
   0.00276
  -0.03228
   0.25000
   0.05000
  -0.01500
  -0.14241
   0.72286
   0.01000
   0.00436
   0.02025
   0.00300
  -0.00283
   0.29980
   0.07016
  -0.03000
  -0.10570
   0.70000
   0.02273
   0.00322
  -1.89053
   0.37745
  -3.53267
GBESTVAL
-33.371310

GBEST
   0.01839
   0.00162
  -0.06244
   0.37195
   0.05529
  -0.01083
  -0.12456
   0.79858
   0.01630
  -0.00500
   0.01847
   0.00276
  -0.03228
   0.25000
   0.05000
  -0.01500
  -0.14241
   0.72286
   0.01000
   0.00436
   0.02025
   0.00300
  -0.00283
   0.29980
   0.07016
  -0.03000
  -0.10570
   0.70000
   0.02273
   0.00322
  -1.89053
   0.37745
  -3.53267
GBESTVAL
-33.560069

GBEST
   0.02639
   0.00208
  -0.02255
   0.35611
   0.05000
  -0.00724
  -0.19506
   0.74977
   0.01130
   0.00000
   0.01544
   0.00239
  -0.00100
   0.25000
   0.05000
  -0.01879
  -0.08037
   0.70000
   0.01385
   0.00000
   0.01870
   0.00300
  -0.00100
   0.37500
   0.05583
  -0.01574
  -0.11546
   0.70000
   0.02622
   0.00302
  -1.42458
  -1.68577
  -4.13687
GBESTVAL
-33.560069

GBEST
   0.02639
   0.00208
  -0.02255
   0.35611
   0.05000
  -0.00724
  -0.19506
   0.74977
   0.01130
   0.00000
   0.01544
   0.00239
  -0.00100
   0.25000
   0.05000
  -0.01879
  -0.08037
   0.70000
   0.01385
   0.00000
   0.01870
   0.00300
  -0.00100
   0.37500
   0.05583
  -0.01574
  -0.11546
   0.70000
   0.02622
   0.00302
  -1.42458
  -1.68577
  -4.13687
GBESTVAL
-33.560069

GBEST
   0.02639
   0.00208
  -0.02255
   0.35611
   0.05000
  -0.00724
  -0.19506
   0.74977
   0.01130
   0.00000
   0.01544
   0.00239
  -0.00100
   0.25000
   0.05000
  -0.01879
  -0.08037
   0.70000
   0.01385
   0.00000
   0.01870
   0.00300
  -0.00100
   0.37500
   0.05583
  -0.01574
  -0.11546
   0.70000
   0.02622
   0.00302
  -1.42458
  -1.68577
  -4.13687
GBESTVAL
-33.560069

GBEST
   0.02639
   0.00208
  -0.02255
   0.35611
   0.05000
  -0.00724
  -0.19506
   0.74977
   0.01130
   0.00000
   0.01544
   0.00239
  -0.00100
   0.25000
   0.05000
  -0.01879
  -0.08037
   0.70000
   0.01385
   0.00000
   0.01870
   0.00300
  -0.00100
   0.37500
   0.05583
  -0.01574
  -0.11546
   0.70000
   0.02622
   0.00302
  -1.42458
  -1.68577
  -4.13687
